================================================================================
GCIS PEARSON-HAMMING-SIGN SEQUENCE ANALYSIS
Method: v0 - Sum→Sign
================================================================================
Description: Sum over all iterations, positive=+1, negative=-1
Analyzed: 2026-01-19 19:14:24
Number of Layers: 2
Iterations (harmonized): 6105

--------------------------------------------------------------------------------
PASSWORD METADATA
--------------------------------------------------------------------------------
Password: Bv3Hy8Tz1Uc6Gd0Nf4XeQ7529iKLmVRS
Password String: 01000010 01110110 00110011 01001000 01111001 00111000 01010100 01111010 00110001 01010101 01100011 00110110 01000111 01100100 00110000 01001110 01100110 00110100 01011000 01100101 01010001 00110111 00110101 00110010 00111001 01101001 01001011 01001100 01101101 01010110 01010010 01010011

Additional Layers (password found): 

--------------------------------------------------------------------------------
ORIGINAL BITSTRING (COMBINED)
--------------------------------------------------------------------------------
Length: 973 bits
Bitstring: 0000001101101000010000000110001111011010000100001010111101000100101001000100101011010111110010011111101110100001001110101010110111110010100100110101001111011101110010001110111100010001011100100111000111001000011000001000111111011010100111010111100010001001011000100000110001100100111001101111111100100101001010110010100101010011010010101100110010011000011001100100101010110111001001000001111001000101011100101000110011010001100101110000110111011011010101001011100111000100000110010111001000101001110110101001010101111110111100010101111001100010000100011100100100110111010001100110010110101011000110111011110100111010010101010001000101100011001101111100100110110011010001011011010011000000101100111000010111100100001100011000111100101110000100100101011100001011111001110001001110100100001011111100000011111111110001001011101010110000100011010000111100110111011101010110000101010110111011001101011010011011001000010100110000001001010100111110000110010000000110010110101010011

--------------------------------------------------------------------------------
SIGN SEQUENCES PER LAYER
--------------------------------------------------------------------------------
zfa89: 461 neurons
  Sequence: -1, -1, -1, -1, -1, -1, +1, +1, -1, +1, +1, -1, +1, -1, -1, -1, -1, +1, -1, -1, -1, -1, -1, -1, -1, +1, +1, -1, -1, -1, +1, +1, +1, +1, -1, +1, +1, -1, +1, -1, -1, -1, -1, +1, -1, -1, -1, -1, +1, -1, +1, -1, +1, +1, +1, +1, -1, +1, -1, -1, -1, +1, -1, -1, +1, -1, +1, -1, -1, +1, -1, -1, -1, +1, -1, -1, +1, -1, +1, -1, +1, +1, -1, +1, -1, +1, +1, +1, +1, +1, -1, -1, +1, -1, -1, +1, +1, +1, +1, +1, +1, -1, +1, +1, +1, -1, +1, -1, -1, -1, -1, +1, -1, -1, +1, +1, +1, -1, +1, -1, +1, -1, +1, -1, +1, +1, -1, +1, +1, +1, +1, +1, -1, -1, +1, -1, +1, -1, -1, +1, -1, -1, +1, +1, -1, +1, -1, +1, -1, -1, +1, +1, +1, +1, -1, +1, +1, +1, -1, +1, +1, +1, -1, -1, +1, -1, -1, -1, +1, +1, +1, -1, +1, +1, +1, +1, -1, -1, -1, +1, -1, -1, -1, +1, -1, +1, +1, +1, -1, -1, +1, -1, -1, +1, +1, +1, -1, -1, -1, +1, +1, +1, -1, -1, +1, -1, -1, -1, -1, +1, +1, -1, -1, -1, -1, -1, +1, -1, -1, -1, +1, +1, +1, +1, +1, +1, -1, +1, +1, -1, +1, -1, +1, -1, -1, +1, +1, +1, -1, +1, -1, +1, +1, +1, +1, -1, -1, -1, +1, -1, -1, -1, +1, -1, -1, +1, -1, +1, +1, -1, -1, -1, +1, -1, -1, -1, -1, -1, +1, +1, -1, -1, -1, +1, +1, -1, -1, +1, -1, -1, +1, +1, +1, -1, -1, +1, +1, -1, +1, +1, +1, +1, +1, +1, +1, +1, -1, -1, +1, -1, -1, +1, -1, +1, -1, -1, +1, -1, +1, -1, +1, +1, -1, -1, +1, -1, +1, -1, -1, +1, -1, +1, -1, +1, -1, -1, +1, +1, -1, +1, -1, -1, +1, -1, +1, -1, +1, +1, -1, -1, +1, +1, -1, -1, +1, -1, -1, +1, +1, -1, -1, -1, -1, +1, +1, -1, -1, +1, +1, -1, -1, +1, -1, -1, +1, -1, +1, -1, +1, -1, +1, +1, -1, +1, +1, +1, -1, -1, +1, -1, -1, +1, -1, -1, -1, -1, -1, +1, +1, +1, +1, -1, -1, +1, -1, -1, -1, +1, -1, +1, -1, +1, +1, +1, -1, -1, +1, -1, +1, -1, -1, -1, +1, +1, -1, -1, +1, +1, -1, +1, -1, -1, -1, +1, +1, -1, -1, +1, -1, +1, +1, +1, -1, -1, -1, -1, +1, +1, -1, +1, +1, +1, -1, +1, +1, -1, +1, +1, -1, +1, -1, +1, -1, +1, -1, -1, +1, -1, +1, +1, +1
  Bitstring: 00000011011010000100000001100011110110100001000010101111010001001010010001001010110101111100100111111011101000010011101010101101111100101001001101010011110111011100100011101111000100010111001001110001110010000110000010001111110110101001110101111000100010010110001000001100011001001110011011111111001001010010101100101001010100110100101011001100100110000110011001001010101101110010010000011110010001010111001010001100110100011001011100001101110110110101010010111
es15: 512 neurons
  Sequence: -1, -1, +1, +1, +1, -1, -1, -1, +1, -1, -1, -1, -1, -1, +1, +1, -1, -1, +1, -1, +1, +1, +1, -1, -1, +1, -1, -1, -1, +1, -1, +1, -1, -1, +1, +1, +1, -1, +1, +1, -1, +1, -1, +1, -1, -1, +1, -1, +1, -1, +1, -1, +1, +1, +1, +1, +1, +1, -1, +1, +1, +1, +1, -1, -1, -1, +1, -1, +1, -1, +1, +1, +1, +1, -1, -1, +1, +1, -1, -1, -1, +1, -1, -1, -1, -1, +1, -1, -1, -1, +1, +1, +1, -1, -1, +1, -1, -1, +1, -1, -1, +1, +1, -1, +1, +1, +1, -1, +1, -1, -1, -1, +1, +1, -1, -1, +1, +1, -1, -1, +1, -1, +1, +1, -1, +1, -1, +1, -1, +1, +1, -1, -1, -1, +1, +1, -1, +1, +1, +1, -1, +1, +1, +1, +1, -1, +1, -1, -1, +1, +1, +1, -1, +1, -1, -1, +1, -1, +1, -1, +1, -1, +1, -1, -1, -1, +1, -1, -1, -1, +1, -1, +1, +1, -1, -1, -1, +1, +1, -1, -1, +1, +1, -1, +1, +1, +1, +1, +1, -1, -1, +1, -1, -1, +1, +1, -1, +1, +1, -1, -1, +1, +1, -1, +1, -1, -1, -1, +1, -1, +1, +1, -1, +1, +1, -1, +1, -1, -1, +1, +1, -1, -1, -1, -1, -1, -1, +1, -1, +1, +1, -1, -1, +1, +1, +1, -1, -1, -1, -1, +1, -1, +1, +1, +1, +1, -1, -1, +1, -1, -1, -1, -1, +1, +1, -1, -1, -1, +1, +1, -1, -1, -1, +1, +1, +1, +1, -1, -1, +1, -1, +1, +1, +1, -1, -1, -1, -1, +1, -1, -1, +1, -1, -1, +1, -1, +1, -1, +1, +1, +1, -1, -1, -1, -1, +1, -1, +1, +1, +1, +1, +1, -1, -1, +1, +1, +1, -1, -1, -1, +1, -1, -1, +1, +1, +1, -1, +1, -1, -1, +1, -1, -1, -1, -1, +1, -1, +1, +1, +1, +1, +1, +1, -1, -1, -1, -1, -1, -1, +1, +1, +1, +1, +1, +1, +1, +1, +1, +1, -1, -1, -1, +1, -1, -1, +1, -1, +1, +1, +1, -1, +1, -1, +1, -1, +1, +1, -1, -1, -1, -1, +1, -1, -1, -1, +1, +1, -1, +1, -1, -1, -1, -1, +1, +1, +1, +1, -1, -1, +1, +1, -1, +1, +1, +1, -1, +1, +1, +1, -1, +1, -1, +1, -1, +1, +1, -1, -1, -1, -1, +1, -1, +1, -1, +1, -1, +1, +1, -1, +1, +1, +1, -1, +1, +1, -1, -1, +1, +1, -1, +1, -1, +1, +1, -1, +1, -1, -1, +1, +1, -1, +1, +1, -1, -1, +1, -1, -1, -1, -1, +1, -1, +1, -1, -1, +1, +1, -1, -1, -1, -1, -1, -1, +1, -1, -1, +1, -1, +1, -1, +1, -1, -1, +1, +1, +1, +1, +1, -1, -1, -1, -1, +1, +1, -1, -1, +1, -1, -1, -1, -1, -1, -1, -1, +1, +1, -1, -1, +1, -1, +1, +1, -1, +1, -1, +1, -1, +1, -1, -1, +1, +1
  Bitstring: 00111000100000110010111001000101001110110101001010101111110111100010101111001100010000100011100100100110111010001100110010110101011000110111011110100111010010101010001000101100011001101111100100110110011010001011011010011000000101100111000010111100100001100011000111100101110000100100101011100001011111001110001001110100100001011111100000011111111110001001011101010110000100011010000111100110111011101010110000101010110111011001101011010011011001000010100110000001001010100111110000110010000000110010110101010011

Total: 973 neurons

--------------------------------------------------------------------------------
PEARSON CORRELATION MATRIX (Sum)
--------------------------------------------------------------------------------
              zfa89      es15
   zfa89     1.0000    1.0000
    es15     1.0000    1.0000

--------------------------------------------------------------------------------
SIGN MATRIX (±1)
--------------------------------------------------------------------------------
            zfa89    es15
   zfa89        +       +
    es15        +       +

--------------------------------------------------------------------------------
CLUSTER ANALYSIS
--------------------------------------------------------------------------------
Number of unique clusters: 1

Cluster α:
  Pattern: ++
  Layers: zfa89, es15
  Count: 2

Cluster Sequence ('Genome'): αα

================================================================================